
with pure python:
	mean: 152.7206871868289
	var:  57672.84569843359

with map_reduce:
	mean: 152.7206871868289 
	var:  57672.84569843360

